image: room.pgm
resolution: 0.010000
origin: [-11.560000, -12.520000, 0.000000]
negate: 0
occupied_thresh: 0.65
free_thresh: 0.196

