image_width: 640
image_height: 480
camera_name: rgb_A70774707163327A
camera_matrix:
  rows: 3
  cols: 3
  data: [545.248453, 0.000000, 314.100720, 0.000000, 545.239286, 251.980763, 0.000000, 0.000000, 1.000000]
distortion_model: plumb_bob
distortion_coefficients:
  rows: 1
  cols: 5
  data: [0.078522, -0.079510, 0.003257, 0.000524, 0.000000]
rectification_matrix:
  rows: 3
  cols: 3
  data: [1.000000, 0.000000, 0.000000, 0.000000, 1.000000, 0.000000, 0.000000, 0.000000, 1.000000]
projection_matrix:
  rows: 3
  cols: 4
  data: [557.277771, 0.000000, 314.428831, 0.000000, 0.000000, 555.953369, 253.544776, 0.000000, 0.000000, 0.000000, 1.000000, 0.000000]
