image_width: 640
image_height: 488
camera_name: depth_A70774707163327A
camera_matrix:
  rows: 3
  cols: 3
  data: [588.899202, 0.000000, 344.407161, 0.000000, 592.561316, 236.892528, 0.000000, 0.000000, 1.000000]
distortion_model: plumb_bob
distortion_coefficients:
  rows: 1
  cols: 5
  data: [-0.033959, 0.002807, 0.004325, 0.008295, 0.000000]
rectification_matrix:
  rows: 3
  cols: 3
  data: [1.000000, 0.000000, 0.000000, 0.000000, 1.000000, 0.000000, 0.000000, 0.000000, 1.000000]
projection_matrix:
  rows: 3
  cols: 4
  data: [581.809387, 0.000000, 349.505222, 0.000000, 0.000000, 590.687866, 238.331564, 0.000000, 0.000000, 0.000000, 1.000000, 0.000000]
